CLASSIFICATION:
  DT:
    CRITERION: gini
    MAX_DEPTH: 15
    MIN_SAMPLES_LEAF: 20
    CCP_ALPHA: 0.00007551586535936518
  RF:
    CRITERION: log_loss
    N_ESTIMATORS: 851
    MAX_DEPTH: 37
    MIN_SAMPLES_LEAF: 7
    MAX_FEATURES: 59
    MAX_SAMPLES: 0.9290712755860837
  AB:
    N_ESTIMATORS: 133
    LEARNING_RATE: 0.4036250573650373
    BASE_ESTIMATOR_MAX_DEPTH: 11
  GB:
    N_ESTIMATORS: 1027
    MAX_DEPTH: 15
    MIN_SAMPLES_SPLIT: 4
    LEARNING_RATE: 0.09557842393145213
  XGB:
    N_ESTIMATORS: 1470
    MAX_DEPTH: 20
    ETA: 0.0010528612426096919
    SUBSAMPLE: 0.9997192486911789
    COLSAMPLE_BYTREE: 0.9454687088835398
    GAMMA: 0.000000041295416875068494
    REG_LAMBDA: 9.730569617221398

REGRESSION:
  DT:
    MAX_DEPTH: 7
    MIN_SAMPLES_LEAF: 10
    CCP_ALPHA: 0.000047998589402005796
  RF:
    N_ESTIMATORS: 724
    MAX_DEPTH: 42
    MIN_SAMPLES_LEAF: 10
    MAX_FEATURES: 60
    MAX_SAMPLES: 0.5711907686705835
  AB:
    N_ESTIMATORS: 290
    LEARNING_RATE: 0.02902532938307212
    LOSS: square
    BASE_ESTIMATOR_MAX_DEPTH: 18
  GB:
    N_ESTIMATORS: 680
    MAX_DEPTH: 3
    MIN_SAMPLES_SPLIT: 26
    LEARNING_RATE: 0.0034752410820691644
  XGB:
    N_ESTIMATORS: 1776
    MAX_DEPTH: 10
    ETA: 0.0014460243443202465
    SUBSAMPLE: 0.789982594222586
    COLSAMPLE_BYTREE: 0.5585041987340127
    GAMMA: 0.00000024596497419695126
    REG_LAMBDA: 8.135699899778563